Blocks: 0.000103s
Blocks: 0.000077s
